                   1                   1           bosentoru                  24                  21                  10
                   4                   1                  24                  21
           E226-S187                  24             bosen24                   7                1900              144000                   8                 151
           E226-S187                  23             bosen23                   1                 200                 400                   6                   3
           E226-S187                  22             bosen22                   3                 400                 900                   6                  16
           E226-S187                  21             bosen21                   4                 500                1000                   8                  25
                                                                                                                                                                                                                                                
                                                                                                                                                                                                                                                
                                                                                                                                                                                                                                                
                                                                                                                                                                                                                                                
                                                                                                                                                                                                                                                
                                                                                                                                                                                                                                                

                                                                            

                                                                            

                                                                            

