                   1                   1             sentoru                  26                  25                   9
                   2                   1                  26                  25
           E226-S187                  26               sen26                   4                 450                1150                   8                                        
           E226-S187                  25               sen25                   4                 600                3750                   8
                                                                                                                                                                                                                                                
                                                                                                                                                                                                                                                
                                                                                                                                                                                                                                                
                                                                                                                                                                                                                                                
                                                                                                                                                                                                                                                
                                                                                                                                                                                                                                                
                                                                                                                                                                                                                                                
                                                                                                                                                                                                                                                

                                    

                                    

